   1.8973924176563589e+01  -2.0749482750072148e+00
   1.6614015772947567e+01  -4.0424233547571289e+00
   1.4254050223065052e+01  -5.9524287083825618e+00
   1.1929052591364028e+01  -7.7603739987834439e+00
   9.6247974362567188e+00  -9.6096878727418957e+00
   7.1955298912553927e+00  -1.1480323500906380e+01
   4.9546736473858273e+00  -1.3353623264630343e+01
   2.5655378587395568e+00  -1.5238287920930256e+01
   2.3259995207410028e-01  -1.7052692534981301e+01
  -2.0987978014655799e+00  -1.8990016521666202e+01
   1.7115159217545326e+01   2.4943483224013785e-01
   1.4770446788799314e+01  -1.7185773226294032e+00
   1.2388210570885319e+01  -3.5670683321638905e+00
   1.0010607761776921e+01  -5.4634694532418413e+00
   7.6995934665298433e+00  -7.2421832077349455e+00
   5.3747875417965689e+00  -9.1868753133086578e+00
   3.0215161066962026e+00  -1.1032058864263602e+01
   6.3478129416461304e-01  -1.2882488866040594e+01
  -1.5773207622550722e+00  -1.4730622138930409e+01
  -4.0389934512534156e+00  -1.6662778854463667e+01
   1.5255141237778988e+01   2.5497450051148225e+00
   1.2899814704279237e+01   7.5839683676777725e-01
   1.0519648754350685e+01  -1.1714654070392814e+00
   8.1845164484774706e+00  -3.0761153424111876e+00
   5.9162370348778612e+00  -4.9484530228399972e+00
   3.4991676122413895e+00  -6.7934925568489497e+00
   1.1046299104248005e+00  -8.7292670703119999e+00
  -1.1900652445971132e+00  -1.0516593011720513e+01
  -3.5050557452530087e+00  -1.2398017624388984e+01
  -5.8824236097608491e+00  -1.4260596787477251e+01
   1.3296353753993046e+01   4.8388600313318104e+00
   1.0996945434926054e+01   3.0470022177127554e+00
   8.6423448379802217e+00   1.1728681511413044e+00
   6.3550476587860913e+00  -7.0306139618903496e-01
   3.9756212839597240e+00  -2.5684434217486429e+00
   1.6006223331040541e+00  -4.4552987233974966e+00
  -6.7682045120326140e-01  -6.3085110065125587e+00
  -3.0873750565293259e+00  -8.2159974197046726e+00
  -5.4005835955945445e+00  -1.0060366352815606e+01
  -7.7328497842797610e+00  -1.1927546711956271e+01
   1.1520354656405047e+01   7.1898273906430665e+00
   9.1413186583873252e+00   5.3596078206038786e+00
   6.8299620799979968e+00   3.5350314811630108e+00
   4.4275844570358265e+00   1.5944177843520606e+00
   2.1290876831313130e+00  -2.2749535621356193e-01
  -2.4068874823054348e-01  -2.1251189415584415e+00
  -2.6364388114176571e+00  -3.9363147420543312e+00
  -4.9432324826731184e+00  -5.8107247599632545e+00
  -7.3156534422110218e+00  -7.7151683294183266e+00
  -9.6542326192258301e+00  -9.5272565093162136e+00
   9.6864424337598187e+00   9.5853011033885309e+00
   7.2805733270432009e+00   7.7136951060090251e+00
   4.9410394902820309e+00   5.8095346988245433e+00
   2.6280546159407074e+00   4.0045573007068338e+00
   2.4546639072476778e-01   2.2200012144979349e+00
  -2.1000797390966426e+00   2.4035361921882056e-01
  -4.4903288604108891e+00  -1.6062162220814045e+00
  -6.8026283641063579e+00  -3.4939423375912981e+00
  -9.1462676151018929e+00  -5.3473409769552154e+00
  -1.1511897619584680e+01  -7.2131936882264780e+00
   7.6897019385371435e+00   1.1963488671754368e+01
   5.4240898909927839e+00   1.0073350217206755e+01
   3.0503189680332401e+00   8.1842551644098105e+00
   6.7774190320591188e-01   6.3606146821086158e+00
  -1.6128610434991846e+00   4.4510639281450342e+00
  -3.9930520851319602e+00   2.6106789761987375e+00
  -6.3645831961171480e+00   7.3541160669312899e-01
  -8.6314053108479474e+00  -1.0991998138989572e+00
  -1.1039494766804237e+01  -3.0358156928974629e+00
  -1.3402805271741544e+01  -4.9682155272366222e+00
   5.9166642715310100e+00   1.4254431758925810e+01
   3.6081805975525394e+00   1.2361276998768478e+01
   1.2485071897239801e+00   1.0486976162066966e+01
  -1.1452218009034434e+00   8.6746873583413606e+00
  -3.5091240710591367e+00   6.8130176071321031e+00
  -5.8277456733678612e+00   4.9228531599107361e+00
  -8.2360682890544794e+00   3.0889660525271929e+00
  -1.0512481552482260e+01   1.1626113059683463e+00
  -1.2859090663516170e+01  -6.7503022648840849e-01
  -1.5249534927415510e+01  -2.5357243768689197e+00
   3.9667350183718049e+00   1.6651798319708220e+01
   1.6989255502282530e+00   1.4746513698734761e+01
  -6.3315770931704463e-01   1.2884433498252861e+01
  -2.9754162850783987e+00   1.1017523290633569e+01
  -5.3237424077380444e+00   9.1496745050318911e+00
  -7.6926764913663632e+00   7.2413744840927574e+00
  -1.0096023937961847e+01   5.3754425708450544e+00
  -1.2393985266618801e+01   3.5336665304731811e+00
  -1.4737711798897184e+01   1.6584123191896734e+00
  -1.7084678532777883e+01  -2.5126046228151250e-01
   2.0373704543004281e+00   1.8992437112797170e+01
  -2.0716105354170120e-01   1.7080180261433100e+01
  -2.5800975795390890e+00   1.5211127020762159e+01
  -4.9376145935796103e+00   1.3350739590426253e+01
  -7.1895798820638959e+00   1.1522793213374564e+01
  -9.5961921354283408e+00   9.6594473682567852e+00
  -1.1982150248409489e+01   7.7294268858950250e+00
  -1.4296612594213915e+01   5.8468116919701698e+00
  -1.6615017917346069e+01   4.0109038142235898e+00
  -1.9004551824217014e+01   2.0677766949956196e+00
