  -1.7842937317378826e-01   2.3793379958873728e-01
   2.8393008732727680e+00   9.2069710560257589e-02
   6.1999388699083227e+00   7.6979459160957386e-03
   8.9427784870851585e+00   1.1915580638163226e-01
   1.1982381998035967e+01  -1.2146650992219854e-01
   1.5010477482097825e+01  -4.8080936288438014e-02
   1.8127878072385148e+01   6.9812995619750851e-02
   2.1072993562040065e+01   8.1614258794849626e-02
   2.4007436990120841e+01   1.7591171542430750e-01
   2.7140769706432589e+01  -3.5933038228708192e-02
  -8.8541876540485731e-02   3.0292198443747433e+00
   3.0062963720086713e+00   2.9786770337599662e+00
   5.9349814515459682e+00   2.7169343778745345e+00
   9.0373081284258348e+00   2.9272663949833500e+00
   1.2032507010967000e+01   3.0223346679258256e+00
   1.4971354952167074e+01   3.0572430832969308e+00
   1.7990183684116893e+01   2.9588681092034506e+00
   2.1024794475654971e+01   3.0825359773648175e+00
   2.4169610636658653e+01   3.0765285098047359e+00
   2.7035848070221704e+01   2.9559202805118483e+00
  -1.6718360558940737e-01   6.1332932419614048e+00
   2.9218424950992814e+00   5.9610883569920468e+00
   6.0864537149856535e+00   5.9475933001760843e+00
   8.9837599293472454e+00   5.9721913874580448e+00
   1.1983334053788516e+01   5.9789399074438618e+00
   1.5017670985155968e+01   5.9519515640553404e+00
   1.8005733358004147e+01   6.0463896011213283e+00
   2.0924882738346334e+01   5.8884669168724306e+00
   2.3991516458295564e+01   5.9579715748513067e+00
   2.6992525812893451e+01   6.0253753765356075e+00
   1.6546901798193847e-01   9.0655763527418411e+00
   2.9428912877514359e+00   9.0794128206703562e+00
   5.8394065856600657e+00   8.9107143827482744e+00
   8.9456862007991731e+00   8.9486398464549772e+00
   1.1977159161143241e+01   9.0222175451328575e+00
   1.4972565853285944e+01   8.9236392550590899e+00
   1.7970688621436814e+01   8.9888110559948213e+00
   2.1055025054809203e+01   9.0105699660647680e+00
   2.4024309046504612e+01   9.0748499305896360e+00
   2.7093604908361019e+01   9.0913767983895966e+00
   7.3809803950694253e-02   1.1988733518237725e+01
   3.0038674465157302e+00   1.1927788823621157e+01
   5.9666069091557086e+00   1.1963789507796704e+01
   8.9851864414944469e+00   1.1954460815937516e+01
   1.2168939153034096e+01   1.1985618639827472e+01
   1.4986113812220625e+01   1.1844168705640243e+01
   1.7948115050902814e+01   1.2044453071435465e+01
   2.1071063350227792e+01   1.2067949426620277e+01
   2.3944024866756290e+01   1.2025114134296675e+01
   2.6904418385598742e+01   1.2172901414600812e+01
  -6.2498935229534425e-02   1.4983894017341715e+01
   3.0449090092414282e+00   1.5012676940227230e+01
   6.0139992549557668e+00   1.4992664259556967e+01
   9.0478416780444917e+00   1.4936499101148238e+01
   1.1907922859334013e+01   1.4992297930232773e+01
   1.4928430172109540e+01   1.4836025752769180e+01
   1.7941109376782471e+01   1.5002003353152157e+01
   2.0982414741741799e+01   1.4969885012772751e+01
   2.3924265263907550e+01   1.5106790365750213e+01
   2.7108896383844296e+01   1.4970914608971810e+01
  -1.2520161333444779e-01   1.8098903011175608e+01
   2.9940438667346694e+00   1.7951510958250797e+01
   5.9416474179933081e+00   1.7999105691785751e+01
   8.9712487149492652e+00   1.7876786215200784e+01
   1.2066992731800706e+01   1.8046339374592925e+01
   1.4944940042358621e+01   1.8077149701717421e+01
   1.8052828453560032e+01   1.7962326064855532e+01
   2.0957960074851513e+01   1.8003671424447855e+01
   2.3935714489431547e+01   1.8087622799408948e+01
   2.6937581865456540e+01   1.8016617788537118e+01
  -4.4041343305702974e-02   2.0961637732509683e+01
   2.9957986873000908e+00   2.0964837069807800e+01
   5.9944320710115102e+00   2.0997246860578944e+01
   8.9902255911791862e+00   2.0984754602073597e+01
   1.2060703711052319e+01   2.1144105141734201e+01
   1.5016915060393702e+01   2.0868320383230312e+01
   1.7759898270502411e+01   2.0930633649949062e+01
   2.0949220109713551e+01   2.1023627588265974e+01
   2.4049677287080421e+01   2.1028698483561250e+01
   2.7015493944559509e+01   2.1026771096458972e+01
   8.7054510796535034e-02   2.3991755007839512e+01
   3.2492860552077585e+00   2.3916025806830405e+01
   6.1292870417925096e+00   2.3995894950930889e+01
   9.0785195246006385e+00   2.3968744416739241e+01
   1.1918086681188303e+01   2.4037453360630064e+01
   1.4954080220977183e+01   2.4101001842817372e+01
   1.7952027152117868e+01   2.3991097776735607e+01
   2.0995712269918126e+01   2.4047911306478451e+01
   2.4013183267087935e+01   2.4029009114507335e+01
   2.6984554163965047e+01   2.3969631218007830e+01
   1.0657768389593869e-01   2.7084535855986974e+01
   2.8350252569561838e+00   2.6922645367192263e+01
   6.0707784649302239e+00   2.7115149338380359e+01
   9.0482637988474934e+00   2.6995914860177802e+01
   1.2025479423065974e+01   2.7026327915785942e+01
   1.4979538644563180e+01   2.6973291258516745e+01
   1.8069672469250580e+01   2.6961528113089784e+01
   2.0906897340188547e+01   2.6942100275791809e+01
   2.4015497326834673e+01   2.6966833064833459e+01
   2.7237752929950155e+01   2.6770540973131872e+01
