   1.6228415601215495e+01  -9.9770445978911795e+00
   1.5624896009842047e+01  -7.0166837625174026e+00
   1.4877146380011739e+01  -3.7392035062552167e+00
   1.4092118402340498e+01  -1.1087428822412928e+00
   1.3575026064823982e+01   1.8962037258317384e+00
   1.2756482268850835e+01   4.8124913928987656e+00
   1.1872763972424362e+01   7.8043348700990078e+00
   1.1134381036854718e+01   1.0655411010379618e+01
   1.0318688666959243e+01   1.3475782652668547e+01
   9.7505738831232982e+00   1.6564455135005726e+01
   1.3501309211390375e+01  -1.0578915252137675e+01
   1.2786385057385873e+01  -7.5673605349843234e+00
   1.2317137709253554e+01  -4.6646872086719853e+00
   1.1347562219274995e+01  -1.7102678517196970e+00
   1.0516126532687332e+01   1.1687891156855361e+00
   9.7568984433684314e+00   4.0080880656639994e+00
   9.1070879830593388e+00   6.9577915955202680e+00
   8.2382095223930225e+00   9.8679817299144190e+00
   7.4677919022958719e+00   1.2916975246932832e+01
   6.8771910815234545e+00   1.5724296753464316e+01
   1.0512691888856518e+01  -1.1421306300643989e+01
   9.9171000167650316e+00  -8.3853538808847734e+00
   9.1490522672962395e+00  -5.3153296229797808e+00
   8.4100692889400026e+00  -2.5137421224051559e+00
   7.6631406587221038e+00   3.9135479368911297e-01
   6.9403244707141400e+00   3.3384662171159474e+00
   6.1112610338267146e+00   6.2107630514442462e+00
   5.5437597740032398e+00   9.0785697044547522e+00
   4.7194643674995831e+00   1.2033161106430223e+01
   3.9134029640067141e+00   1.4924677219590349e+01
   7.5890290571520502e+00  -1.1822725852044895e+01
   6.8900658324642361e+00  -9.1346565964284601e+00
   6.3385937088737014e+00  -6.2861238985507235e+00
   5.5351145378456392e+00  -3.2853185716509272e+00
   4.7155508944560482e+00  -3.6580535512425338e-01
   4.0717187528383150e+00   2.5612510338144854e+00
   3.2685327885585260e+00   5.4505208037262154e+00
   2.4861362180977040e+00   8.4340523170383985e+00
   1.6909328094531844e+00   1.1295595760017742e+01
   9.1731887830196157e-01   1.4265843512394115e+01
   4.7789432620573589e+00  -1.2633075807257947e+01
   4.1147721605196832e+00  -9.7786356182825482e+00
   3.3485884224768108e+00  -6.9164539936640148e+00
   2.6125484198860476e+00  -3.9889713665366822e+00
   1.7965046987357820e+00  -9.1141961499831869e-01
   1.2382109389371645e+00   1.8535015813496398e+00
   3.1300892725230961e-01   4.6744174614692726e+00
  -4.8060194794623629e-01   7.6949372739734638e+00
  -1.1482290051988291e+00   1.0489578011196480e+01
  -2.0221614367485659e+00   1.3321893843110296e+01
   1.9101029302555974e+00  -1.3504466442046569e+01
   1.1152049086491158e+00  -1.0500311032408581e+01
   4.0173382298522170e-01  -7.6181492735016967e+00
  -2.9268626563519895e-01  -4.6643153049665056e+00
  -1.0527162815581710e+00  -1.9065023584834073e+00
  -1.6468352938693054e+00   1.0591186589748385e+00
  -2.5513009550973762e+00   3.9376124355456494e+00
  -3.2708659040006349e+00   6.8927429225172494e+00
  -4.1296761190467262e+00   9.7097755075210568e+00
  -4.7840713555493481e+00   1.2829407611759050e+01
  -1.0930458816718109e+00  -1.4334110866439680e+01
  -1.7201419285138175e+00  -1.1274998686373030e+01
  -2.4938249607135861e+00  -8.4303464194449660e+00
  -3.1230908051920783e+00  -5.4642933906132125e+00
  -4.0515243915358266e+00  -2.5061875156519675e+00
  -4.7917490091355868e+00   2.7510670001532433e-01
  -5.4476024742822107e+00   3.3151743104998999e+00
  -6.2047460941737995e+00   6.1202113360389463e+00
  -7.0211030152804978e+00   8.9851075931955506e+00
  -7.6932499755028116e+00   1.1911618812835071e+01
  -3.8872360624080198e+00  -1.4962074486437031e+01
  -4.6406642149733131e+00  -1.2017081504042229e+01
  -5.4122279122738153e+00  -9.1192302267240848e+00
  -6.1395779317985850e+00  -6.2130477098992181e+00
  -7.0518881678729102e+00  -3.2769076396260401e+00
  -7.5143222439952195e+00  -3.4409371776895331e-01
  -8.2517616808860925e+00   2.2986364824341501e+00
  -9.1291028467387285e+00   5.3663219528390194e+00
  -9.8993068603547645e+00   8.3695945345529328e+00
  -1.0629495628444035e+01   1.1244119977744864e+01
  -6.8559553895242606e+00  -1.5582962867727534e+01
  -7.5631072369610139e+00  -1.2499883316852848e+01
  -8.3513796274918501e+00  -9.7287082229197193e+00
  -9.0530321975051820e+00  -6.8640279510305211e+00
  -9.8205093649795927e+00  -4.1292809146215950e+00
  -1.0631469932057461e+01  -1.2029114673588488e+00
  -1.1264953745303670e+01   1.7294021181964552e+00
  -1.2071286272337685e+01   4.6648875515324040e+00
  -1.2797775372486509e+01   7.5936589832059695e+00
  -1.3473662199172137e+01   1.0487747395627718e+01
  -9.8578597465320552e+00  -1.6327439032781356e+01
  -1.0374444787958758e+01  -1.3643454199688087e+01
  -1.1359677709647933e+01  -1.0555336214270870e+01
  -1.1979069244560360e+01  -7.6405480742916545e+00
  -1.2743411414358313e+01  -4.7629590010376859e+00
  -1.3421170208382993e+01  -1.8872118306054226e+00
  -1.4172512925487947e+01   1.1102119878628403e+00
  -1.4854002250561157e+01   3.8644441329338211e+00
  -1.5645269689103294e+01   6.8707544011085870e+00
  -1.6250404867357560e+01   1.0041759474127691e+01
