   1.6103443827197871e+01  -1.0161894289593848e+01
   1.5723430495841809e+01  -7.0301788587627181e+00
   1.4847901047269268e+01  -3.5299172423818508e+00
   1.4077642229403983e+01  -1.1006152681966155e+00
   1.3615395229052778e+01   2.0496680853914873e+00
   1.2829103932752059e+01   4.8249133148266354e+00
   1.1903868475412086e+01   7.9152038592106058e+00
   1.1228967495969561e+01   1.0693037940024652e+01
   1.0380185415298712e+01   1.3541158975035186e+01
   9.7557816361536833e+00   1.6573919960144632e+01
   1.3415263074268941e+01  -1.0647111842273802e+01
   1.2666263817709504e+01  -7.5150901359331943e+00
   1.2386594190136890e+01  -4.6260428714474884e+00
   1.1348419419030941e+01  -1.6659540627973064e+00
   1.0540823267654622e+01   1.0983638045067863e+00
   9.6729708123007008e+00   4.0362561206611574e+00
   9.1549232564726015e+00   6.8518618208473763e+00
   8.1266125930797344e+00   9.8722807581820042e+00
   7.4201993082931592e+00   1.2934183443287422e+01
   6.9009286591946282e+00   1.5769456906793227e+01
   1.0342614641154563e+01  -1.1560613140092341e+01
   9.9453415734401833e+00  -8.3941134584905601e+00
   9.2335442223389190e+00  -5.2631607656416985e+00
   8.3661821080820928e+00  -2.3910825206140283e+00
   7.6495303162217585e+00   4.3669033947806896e-01
   7.0207230105978757e+00   3.2949778828249694e+00
   6.1266629735608555e+00   6.2324520137729849e+00
   5.5427401627889923e+00   9.0031664783482626e+00
   4.7955268397078061e+00   1.2017486824342793e+01
   3.9428045292951057e+00   1.4894837920607939e+01
   7.6162165550812206e+00  -1.1753663313085150e+01
   6.8490882501076102e+00  -9.2212497261280308e+00
   6.3559010628544055e+00  -6.4193111528008675e+00
   5.5453069461680569e+00  -3.2496744772691919e+00
   4.6803617185599373e+00  -3.7191246564508523e-01
   4.1144931481779601e+00   2.5088123121045389e+00
   3.2877927870317443e+00   5.4185906519759026e+00
   2.5770080333042711e+00   8.4019316374981923e+00
   1.4568834252398715e+00   1.1265830108918887e+01
   9.6955210865993913e-01   1.4264039329606309e+01
   4.7562240828073126e+00  -1.2627065035205030e+01
   4.2442593828112321e+00  -9.7718581256393460e+00
   3.3912428013176639e+00  -6.8554911745632987e+00
   2.6832135164320832e+00  -3.9641250842848512e+00
   1.8198035833557440e+00  -8.6173766279665820e-01
   1.3337118945800555e+00   1.8588464201085841e+00
   3.3785882957201646e-01   4.6112833549643026e+00
  -6.8790057244250513e-01   7.7496497623396596e+00
  -1.1139704788212192e+00   1.0425049865972824e+01
  -2.2001792962046598e+00   1.3303596319567369e+01
   1.9899523832055526e+00  -1.3469486460958738e+01
   1.0568424614850667e+00  -1.0491828594555194e+01
   4.7220172381774222e-01  -7.7030786087507375e+00
  -3.1138376363411452e-01  -4.6418307864154773e+00
  -1.0647161929819611e+00  -1.9057962307372029e+00
  -1.6234769380155816e+00   1.0758701524759839e+00
  -2.6059691985905813e+00   3.9156567985336177e+00
  -3.2045638615650485e+00   6.8965940478269863e+00
  -4.2153874491111853e+00   9.6784860992420825e+00
  -4.7337223023006594e+00   1.2969948052137676e+01
  -9.8967417709116523e-01  -1.4413149591906397e+01
  -1.6965265157724723e+00  -1.1247538186815788e+01
  -2.4548632839448681e+00  -8.5466171769354116e+00
  -3.1138185307765949e+00  -5.3236142037457119e+00
  -4.1346204025233684e+00  -2.4996816548151255e+00
  -4.8677577128460419e+00   2.6036824292689875e-01
  -5.4817874435752856e+00   3.2999351609625101e+00
  -6.0240160129861362e+00   6.1660386275106749e+00
  -6.9580297379550782e+00   8.9139644874006585e+00
  -7.8335941853483506e+00   1.1967298854251732e+01
  -3.8196192259035286e+00  -1.5021989027553984e+01
  -4.6940665696731543e+00  -1.2047589740959873e+01
  -5.3499610012257950e+00  -9.1640185702253092e+00
  -6.1591861965673491e+00  -6.2284920901156271e+00
  -7.1862677315751418e+00  -3.3033930928248449e+00
  -7.4451021170716061e+00  -3.9700240286743543e-01
  -8.1734932802970288e+00   2.1472498893203342e+00
  -9.0989886046827184e+00   5.4155369019273092e+00
  -9.8900355058172043e+00   8.4319022269940103e+00
  -1.0657225950619463e+01   1.1215271525259375e+01
  -6.8703600297090874e+00  -1.5567900228197228e+01
  -7.5577213932961538e+00  -1.2437377573091810e+01
  -8.3652834627144372e+00  -9.6391712692881377e+00
  -9.1060403877061926e+00  -6.8085396569257526e+00
  -9.8808198869112385e+00  -4.2382839173332396e+00
  -1.0762899562546416e+01  -1.2040944041478445e+00
  -1.1270601239351389e+01   1.6168838199521440e+00
  -1.2040508455666913e+01   4.7021811253948131e+00
  -1.2684171740746384e+01   7.7232171492469384e+00
  -1.3336280536252881e+01   1.0535473824575059e+01
  -9.8625034807136824e+00  -1.6277684019736935e+01
  -1.0354796968181613e+01  -1.3656833407345955e+01
  -1.1472345378780197e+01  -1.0527592202722477e+01
  -1.2118359211316141e+01  -7.6085541553343994e+00
  -1.2749928576960103e+01  -4.8583642296030547e+00
  -1.3401441563749872e+01  -2.0055907430378714e+00
  -1.4222009179917665e+01   1.0801920893364254e+00
  -1.4846320424389752e+01   3.9231887199867685e+00
  -1.5573546973223451e+01   6.7756718614678677e+00
  -1.6203577626578046e+01   1.0080265038556320e+01
